20
7 19 9 11 15 17 8 4 1 2 13 14 10 6 16 5 18 12 20 3
5 4 15 19 20 8 7 16 17 2 12 13 1 10 14 18 3 9 6 11
11 10 3 6 18 9 13 8 17 5 15 14 16 2 12 7 20 1 4 19
8 7 11 4 12 1 15 6 9 20 3 2 13 17 18 5 19 14 10 16
10 12 20 4 1 16 18 14 19 8 11 2 3 13 15 9 5 7 6 17
16 18 6 17 2 12 3 15 1 20 5 9 11 19 8 13 4 7 14 10
8 12 9 10 5 17 1 18 14 13 19 4 20 15 7 3 16 2 11 6
8 7 11 19 10 17 13 18 15 14 6 5 1 3 20 16 9 12 4 2
17 14 12 13 8 3 4 9 16 19 6 20 18 11 15 7 5 2 1 10
18 1 12 17 6 13 5 16 2 9 11 15 19 10 4 8 14 20 3 7
6 20 17 8 5 10 4 15 19 3 11 12 2 16 9 7 1 13 14 18
20 5 13 7 15 14 16 9 11 8 1 2 18 6 17 10 12 4 3 19
2 6 13 15 8 17 1 9 18 7 5 14 11 10 19 3 16 12 20 4
13 11 7 16 18 2 5 14 4 19 12 17 15 6 9 20 3 10 8 1
7 15 12 1 10 17 5 19 3 6 2 8 16 20 4 11 9 13 18 14
19 15 18 1 12 6 14 7 17 4 5 2 3 20 10 13 8 16 9 11
11 20 16 9 8 14 6 10 12 17 2 18 7 13 4 3 1 5 15 19
5 8 13 3 1 2 9 17 20 7 18 6 16 19 4 14 15 12 11 10
18 14 11 4 12 6 15 5 20 1 10 19 3 13 17 2 7 16 8 9
7 2 10 12 11 16 3 5 18 1 8 9 19 17 4 13 6 14 15 20
5 14 15 20 18 11 7 2 10 16 17 9 3 12 4 13 8 19 1 6
15 14 8 1 3 16 19 9 7 11 13 2 10 6 18 17 20 12 5 4
8 2 18 10 1 7 4 5 20 9 14 3 12 16 15 13 17 6 19 11
8 13 7 14 20 9 16 15 19 10 2 6 4 5 17 3 18 12 1 11
20 9 15 19 12 13 17 16 7 3 14 11 18 10 8 5 6 2 4 1
8 14 12 20 10 17 9 2 7 3 18 5 6 4 11 19 13 1 15 16
9 8 15 7 18 2 20 3 5 12 6 11 10 1 13 4 14 16 19 17
4 10 6 7 13 18 16 9 5 14 3 20 11 19 12 15 8 17 1 2
8 10 12 7 20 11 6 15 1 19 9 17 14 16 18 3 4 2 5 13
7 11 14 17 3 9 20 19 1 8 4 12 15 16 2 5 6 18 10 13
15 14 16 11 19 17 6 9 5 10 20 7 8 18 3 13 4 12 2 1
7 13 15 16 10 5 14 20 4 18 6 2 1 8 9 3 12 17 11 19
3 17 6 8 12 15 4 5 7 14 11 19 10 13 1 2 16 18 20 9
7 1 8 11 17 6 15 10 3 5 18 13 4 9 14 16 2 19 12 20
1 14 19 9 20 16 12 3 4 7 15 17 11 18 6 8 10 13 5 2
4 3 17 14 6 8 15 1 9 19 2 18 16 11 5 7 13 12 10 20
18 20 5 1 6 8 2 10 17 19 15 14 9 4 3 11 7 12 16 13
14 13 18 16 15 4 8 2 7 19 17 20 3 5 9 6 11 10 12 1
7 12 4 16 1 15 14 11 20 10 19 17 18 2 6 5 9 13 3 8
15 2 10 18 17 20 11 7 13 16 5 1 12 3 9 8 19 4 14 6

